<?xml version="1.0"?>
<opencv_storage>
<Distortion type_id="opencv-matrix">
  <rows>5</rows>
  <cols>1</cols>
  <dt>f</dt>
  <data>
    -2.68193111e-002 6.17991723e-002 -2.09755148e-003 -4.84226411e-003
    -4.19594288e-001</data></Distortion>
</opencv_storage>
