<?xml version="1.0"?>
<opencv_storage>
<rotation_vectors type_id="opencv-matrix">
  <rows>3</rows>
  <cols>3</cols>
  <dt>f</dt>
  <data>
    -4.89026196e-002 9.98115003e-001 -3.70814204e-002 9.97907639e-001
    5.03972173e-002 4.05033007e-002 4.22957540e-002 -3.50231156e-002
    -9.98491108e-001</data></rotation_vectors>
</opencv_storage>
